-1.5707963267948966
-1.5390630676677268
-1.5073298085405573
-1.4755965494133876
-1.443863290286218
-1.4121300311590483
-1.3803967720318788
-1.348663512904709
-1.3169302537775396
-1.2851969946503699
-1.2534637355232003
-1.2217304763960306
-1.189997217268861
-1.1582639581416914
-1.1265306990145216
-1.0947974398873521
-1.0630641807601826
-1.0313309216330129
-0.9995976625058433
-0.9678644033786736
-0.936131144251504
-0.9043978851243344
-0.8726646259971648
-0.8409313668699951
-0.8091981077428254
-0.7774648486156558
-0.7457315894884862
-0.7139983303613165
-0.6822650712341469
-0.6505318121069773
-0.6187985529798077
-0.5870652938526381
-0.5553320347254684
-0.5235987755982987
-0.4918655164711292
-0.46013225734395946
-0.42839899821678995
-0.3966657390896202
-0.3649324799624507
-0.333199220835281
-0.30146596170811146
-0.26973270258094173
-0.23799944345377222
-0.2062661843266025
-0.17453292519943298
-0.14279966607226324
-0.11106640694509373
-0.079333147817924
-0.047599888690754266
-0.015866629563584755
0.015866629563584977
0.04759988869075449
0.07933314781792422
0.11106640694509373
0.14279966607226346
0.17453292519943298
0.2062661843266027
0.23799944345377222
0.26973270258094195
0.30146596170811146
0.3331992208352812
0.3649324799624507
0.39666573908962044
0.42839899821678995
0.4601322573439597
0.4918655164711292
0.5235987755982991
0.5553320347254687
0.5870652938526382
0.6187985529798077
0.6505318121069776
0.6822650712341471
0.7139983303613167
0.7457315894884862
0.7774648486156561
0.8091981077428256
0.8409313668699951
0.8726646259971647
0.9043978851243346
0.9361311442515041
0.9678644033786736
0.9995976625058436
1.031330921633013
1.0630641807601826
1.0947974398873521
1.126530699014522
1.1582639581416916
1.189997217268861
1.2217304763960306
1.2534637355232006
1.28519699465037
1.3169302537775396
1.348663512904709
1.380396772031879
1.4121300311590486
1.443863290286218
1.475596549413388
1.5073298085405575
1.539063067667727
1.5707963267948966
