1.9748894474098616e-09
1.9767017093368245e-09
1.982146604351942e-09
1.991248931113639e-09
2.00404938058944e-09
2.020605844699835e-09
2.0409925998946904e-09
2.065301930810766e-09
2.093643738748513e-09
2.1261461796147155e-09
2.1629567786300924e-09
2.2042425744170645e-09
2.250191792592436e-09
2.301012967323067e-09
2.356938679902986e-09
2.418224681019902e-09
2.485151087471723e-09
2.5580245197018197e-09
2.637178434633395e-09
2.722976424832961e-09
2.8158105738476747e-09
2.9161056068090923e-09
3.0243187520349373e-09
3.1409415704090217e-09
3.2665019541446046e-09
3.401562683676299e-09
3.5467242990257314e-09
3.702624220898307e-09
3.869934804191642e-09
4.049361576073797e-09
4.241638302915952e-09
4.447519660596809e-09
4.667766533030077e-09
4.9031282526489786e-09
5.154311884175096e-09
5.4219387244227135e-09
5.70647673123988e-09
6.008145365629092e-09
6.326773973323464e-09
6.661607874213249e-09
7.0110329571284254e-09
7.372214216984854e-09
7.74063845471719e-09
8.109588653456844e-09
8.469640309277157e-09
8.808346385278838e-09
9.11040993229158e-09
9.358667925201167e-09
9.536124619824656e-09
9.62882299174117e-09
9.62882299174117e-09
9.536124619824656e-09
9.358667925201167e-09
9.11040993229158e-09
8.808346385278838e-09
8.469640309277157e-09
8.109588653456844e-09
7.74063845471719e-09
7.372214216984854e-09
7.0110329571284254e-09
6.661607874213249e-09
6.326773973323464e-09
6.008145365629092e-09
5.70647673123988e-09
5.4219387244227135e-09
5.154311884175096e-09
4.9031282526489786e-09
4.667766533030077e-09
4.447519660596809e-09
4.241638302915952e-09
4.049361576073797e-09
3.869934804191642e-09
3.702624220898326e-09
3.5467242990257314e-09
3.401562683676299e-09
3.2665019541446046e-09
3.1409415704090217e-09
3.0243187520349373e-09
2.9161056068090923e-09
2.8158105738476747e-09
2.722976424832961e-09
2.637178434633395e-09
2.5580245197018197e-09
2.485151087471723e-09
2.418224681019902e-09
2.356938679902986e-09
2.301012967323067e-09
2.250191792592436e-09
2.2042425744170645e-09
2.1629567786300924e-09
2.1261461796147155e-09
2.093643738748513e-09
2.065301930810766e-09
2.0409925998946904e-09
2.020605844699835e-09
2.00404938058944e-09
1.991248931113639e-09
1.982146604351942e-09
1.9767017093368245e-09
1.9748894474098616e-09
