0.0
0.0
0.0
0.0
0.0
0.0
0.0
0.0
0.0
0.0
0.0
0.0
0.0
0.0
0.0
0.0
0.0
0.0
0.0
0.0
0.0
0.0
0.0
0.0
0.0
0.0
0.0
0.0
0.0
0.0
0.0
0.0
0.0
0.0
0.0
0.0
0.0
0.0
0.0
0.0
0.0
0.0
0.0
0.0
0.0
0.0
0.0
0.0
0.0
0.0
0.0
0.0
0.0
0.0
0.0
0.0
0.0
0.0
0.0
0.0
0.0
0.0
0.0
0.0
0.0
0.0
0.0
0.0
0.0
0.0
0.0
0.0
0.0
0.0
0.0
0.0
0.0
0.0
0.0
0.0
0.0
0.0
0.0
0.0
0.0
0.0
0.0
0.0
0.0
0.0
0.0
0.0
0.0
0.0
0.0
0.0
0.0
0.0
0.0
0.0
0.0
0.0
0.0
0.0
0.0
0.0
0.0
0.0
0.0
0.0
0.0
0.0
0.0
0.0
0.0
0.0
0.0
0.0
0.0
0.0
0.0
0.0
0.0
0.0
0.0
0.0
0.0
0.0
0.0
0.0
0.0
0.0
0.0
0.0
0.0
0.0
0.0
0.0
9.886886211163287e-39
5.261710101017487e-37
1.5141507632441247e-35
3.262292742272094e-34
5.759617147602783e-33
8.698688336214579e-32
1.1530401921846397e-30
1.3640208022201671e-29
1.4564982585080442e-28
1.4149059772974689e-27
1.2578281092675768e-26
1.0279463935938948e-25
7.75179392607317e-25
5.412192821942152e-24
3.50939642742341e-23
2.119369365297513e-22
1.1953476836706705e-21
6.3130725776295256e-21
3.1298136099398656e-20
1.460102415967117e-19
6.424693323952478e-19
2.6722543320188047e-18
1.0529310272516344e-17
3.9383997414535185e-17
1.4011531202480735e-16
4.750447950207397e-16
1.5376942041330343e-15
4.760414628833954e-15
1.411905565747636e-14
4.01851744843614e-14
1.0992512089682782e-13
2.8944192920709646e-13
7.346669928916362e-13
1.8000950289417223e-12
4.263363959577628e-12
9.772977644060175e-12
2.1710223635866837e-11
4.6792357386740584e-11
9.796366689860679e-11
1.9944276950088596e-10
3.952649678743086e-10
7.633545411656968e-10
1.4380119587346065e-09
2.6448507612185294e-09
4.753821333544964e-09
8.35739102023167e-09
1.438285656996398e-08
2.4250534625409275e-08
4.009045539543468e-08
6.503166898847162e-08
1.0358296757434054e-07
1.621200503552863e-07
2.494902953530351e-07
3.7776553471736753e-07
5.631341859512646e-07
8.269444224685795e-07
1.1969232157722695e-06
1.708518540568675e-06
2.4064094024022203e-06
3.346045829449934e-06
4.595376691730344e-06
6.2365291808946115e-06
8.367412110067391e-06
1.1103391438453674e-05
1.4578760981956843e-05
1.8947735301905318e-05
2.4385695137608565e-05
3.108978080685431e-05
3.927872652923672e-05
4.9193243580443536e-05
6.10949632617165e-05
7.526546918218053e-05
9.2005152960227e-05
0.00011162908126633631
0.00013446742214390348
0.00016086063203201822
0.000191156459670014
0.00022570658129834672
0.00026486403376485155
0.00030897426335709394
0.0003583782037246059
0.00041340376216195726
0.000474363152367562
0.000541549029305931
0.0006152327981937751
0.0006956539321307417
0.0007830284419813078
0.0008775385814879728
0.0009793340030059892
0.0010885280361745712
0.0012052017295562335
0.0013293889409199894
0.0014610952825715037
0.0016002863379123886
0.0017468919467543717
0.0019008046455482373
0.0020618835536474886
0.00222995992654182
0.0024048180555971918
0.002586229182927059
0.0027739331271542664
0.0029676431833853016
0.0031670546009187586
0.003371845142080442
0.003581659940982913
0.003796147737982119
0.004014940039212535
0.004237660271614656
0.00446392312774354
0.004693346111473156
0.004925526517199946
0.005160074323706441
0.00539661073510754
0.005634743358222158
0.00587409521437625
0.006114301790980869
0.006354978973870583
0.006595784599348969
0.0068363735749707305
0.007076412633386341
0.007315579203268233
0.007553563206310874
0.0077900863671551
0.00802484716763864
0.008257588882138005
0.008488056334261244
0.008716013487934422
0.008941234253091238
0.009163523813597627
0.009382665842976461
0.009598490489422266
0.009810830017195684
0.01001952565055941
0.01022444457041146
0.01042546151783063
0.010622450295740596
0.010815310027396677
0.011003950994995099
0.011188288222528332
0.011368256354422297
0.011543804144856475
0.01171485909225448
0.011881391330603808
0.012043361621766032
0.012200755797357988
0.012353549332223346
0.012501744097065849
0.012645318453898836
0.01278428552783011
0.012918647315694752
0.01304843087675394
0.013173653752463318
0.013294337714123569
0.01341051967357653
0.013522215992369895
0.013629480176657969
0.01373235124873381
0.0138308667932651
0.01392508063431518
0.014015049191523923
0.014100803247988205
0.014182414456975725
0.01425993530408932
0.014333425680443034
0.014402942793335814
0.014468547569648455
0.014530303566792347
0.01458827212217217
0.014642519682277429
0.01469310681460239
0.014740102689495993
0.014783568416760564
0.014823573481244169
0.014860180360543727
0.01489345414261458
0.014923460454105366
0.014950256202258481
0.014973919785245229
0.014994512494069244
0.01501208189708116
0.015026697196147474
0.01503840864235907
0.015047286597242858
0.015053379999748855
0.015056745146363282
0.015057423388750336
0.015055469091494312
0.015050919055487624
0.015043830245238752
0.015034233890668193
0.015022170791976815
0.015007665945467976
0.014990746838552994
0.014971456625957946
0.01494980680258148
0.014925821457742395
0.014899525814355498
0.014870922281925951
0.014840027215539384
0.014806862098973706
0.014771431128719396
0.014733743216659453
0.014693807248575759
0.01465162866852791
0.01460721439354398
0.014560574023083812
0.014511712280837833
0.01446064042165082
0.01440736788266433
0.014351902277634221
0.014294261474527375
0.01423446026521642
0.014172514451279237
0.01410844398362794
0.014042270000192045
0.013974028212465342
0.013903737604470423
0.013831432808457266
0.013757148747558403
0.013680924172829864
0.013602791685307432
0.013522812036647756
0.013441018784888969
0.013357464030800995
0.013272201385175469
0.013185278459074664
0.013096761637951485
0.013006704065863538
0.012915170432422336
0.012822215182098685
0.012727902225053097
0.012632304070433472
0.012535481284511738
0.012437501946380361
0.012338431851813141
0.012238337904727847
0.01213728430804666
0.012035346725415605
0.01193258730914634
0.011829075640717782
0.011724878046638115
0.01162005230435252
0.011514676069867646
0.011408807311175977
0.011302508065494273
0.011195842732708482
0.011088870407112573
0.01098164534307535
0.010874235225428157
0.010766690867572122
0.01065906739323682
0.010551417944194843
0.010443789913550362
0.010336241826847538
0.010228815236011197
0.010121557740240358
0.010014515220761161
0.009907727512450224
0.00980123413836602
0.009695080928770418
0.009589302773351195
0.009483932663030643
0.009379007761319426
0.009274555371578399
0.009170614055337681
0.00906721002798467
0.008964369429787776
0.008862119075846532
0.00876048349173426
0.00865948236324556
0.008559144813816671
0.008459487563437389
0.008360529517827271
0.008262287147884422
0.008164776090454184
0.008068015848451791
0.00797201807759262
0.007876795293285522
0.007782360300219255
0.007688723477653644
0.007595890715890432
0.007503877953156228
0.007412689790659136
0.007322332728399237
0.007232813061793717
0.007144133849759671
0.007056304584993586
0.006969327180278418
0.00688320393619048
0.006797937326586096
0.006713527290937517
0.0066299793071972766
0.006547291788588415
0.006465465674021894
0.00638449911222679
0.006304391971333588
0.006225140297626381
0.0061467475980975204
0.006069208193502874
0.005992520235482359
0.005916680583830259
0.005841683571924299
0.005767530346972148
0.005694214233969788
0.005621731584268148
0.005550077089285598
0.00547924724182871
0.005409233614612471
0.00534003649275164
0.0052716468870431495
0.00520406040643205
0.0051372713046270255
0.005071270226595517
0.00500605709018988
0.0049416229546291055
0.004877960965132289
0.004815065746143923
0.004752929845408449
0.0046915456269121785
0.004630909231672447
0.0045710128689217385
0.004511849355623976
0.0044534119569181385
0.0043956919603832505
0.004338686218613703
0.004282385195278944
0.0042267827073409515
0.00417187116929239
0.004117644112662116
0.004064092356031728
0.004011212637988684
0.003958995877233057
0.0039074346907056546
0.003856522713578588
0.0038062509292211017
0.003756616058558989
0.0037076090547207667
0.00365922269915448
0.0036114501770567148
0.003564285124139065
0.003517718677222619
0.00347174743952522
0.0034263625330673286
0.003381557344208593
0.003337325264391091
0.0032936585420568526
0.0032505528383347635
0.003208000158385252
0.0031659942943826815
0.0031245285128994613
0.003083595257650581
0.003043190536648015
0.003003306772120717
0.002963937616350072
0.002925077018860633
0.0028867185807398676
0.0028488563077881577
0.0028114831431738426
0.002774595986329956
0.0027381851874484463
0.002702246611164413
0.0026667759356044595
0.002631764416809324
0.002597209377213817
0.0025631015906907605
0.002529437379237083
0.0024962134083003577
0.002463419908834801
0.0024310553304554374
0.0023991107959004114
0.002367582393187283
0.002336467049732915
0.002305756117994079
0.002275447469407907
0.002245532918463169
0.0022160092721272974
0.002186872733124633
0.002158115754377603
0.002129735869835985
0.0021017256849282834
0.0020740820682737474
0.002046801519391923
0.0020198765758080274
0.0019933055334492088
0.0019670809836675068
0.001941201550069641
0.0019156596533931622
0.001890452303675888
0.0018655767980006162
0.0018410260348747623
0.001816798567211339
0.001792887445544117
0.0017692897964011504
0.0017460032792598608
0.0017230208850253699
0.0017003416786691339
0.001677958460560751
0.001655869175890034
0.0016340712305071366
0.0016125582342722737
0.001591328998361132
0.00157037744141725
0.0015497009925609059
0.001529297469515447
0.0015091606864726646
0.0014892896961582263
0.0014696787910902555
0.0014503266910912398
0.0014312278126245126
0.0014123802055161986
0.0013937813378544755
0.001375426012654829
0.0013573130115424347
0.0013394371696530383
0.0013217962817198912
0.0013043885789464286
0.0012872088278834163
0.0012702559903487397
0.0012535252356899865
0.0012370144920318053
0.0012207220814366836
0.0012046428273384871
0.0011887763132538134
0.001173117580998534
0.0011576647880902772
0.0011424164202885616
0.0011273677730031229
0.0011125180042547297
0.0010978628609326388
0.0010834006047366655
0.001069129575995468
0.0010550455471798068
0.0010411477680574664
0.0010274321075786613
0.0010138978087074041
0.0010005409009853983
0.0009873597582944153
0.0009743531674247025
0.0009615169038814796
0.0009488503457167915
0.0009363499292845575
0.0009240140950629639
0.0009118413018036952
0.0008998281604951751
0.0008879739827389005
0.0008762752196623648
0.0008647304091558061
0.0008533384020853307
0.0008420957762611782
0.0008310017326025763
0.0008200532327271657
0.0008092489155633101
0.0007985875620063214
0.0007880659658202672
0.0007776836027658418
0.0007674373734485485
0.000757326709365218
0.0007473485753279244
0.0007375018980335668
0.0007277854745834837
0.0007181964904785247
0.0007087343405753131
0.0006993963254869366
0.0006901813612925377
0.0006810882027833913
0.0006721143794901613
0.0006632592604092831
0.0006545203422642424
0.0006458965102441479
0.0006373866627703322
0.0006289885607847645
0.0006207015424831514
0.000612523202054191
0.0006044525966580146
0.0005964887499028535
0.0005886294512604066
0.0005808740979183988
0.000573220391329282
0.0005656679799095471
0.0005582147508584121
0.000550859663133751
0.0005436018488649461
0.0005364392460125768
0.0005293713886195014
0.0005223963359628183
0.0005155130630440365
0.0005087210539533195
0.0005020178941914297
0.0004954035638246618
0.0004888760542319853
0.00048243443569232234
0.0004760781519844745
0.0004698051197566183
0.0004636153377048938
0.00045750649479623474
0.000451478205336284
0.00044552978932641836
0.0004396592404267856
0.0004338665261445541
0.00042814973388422245
0.0004225081934149077
0.00041694145237208434
0.0004114475895628509
0.00040602655393548286
0.0004006765643653777
0.0003953973586206086
0.00039018749267630287
0.0003850461202823989
0.00037997294376767183
0.0003749662085848715
0.0003700257481836372
0.0003651501634654718
0.0003603386995110807
0.00035559102095827916
0.00035090555807327904
0.0003462820867302004
0.00034171942007193073
0.0003372166750892627
0.0003327736359847807
0.0003283888253532846
0.0003240620126963527
0.00031979208867459024
0.00031557826209860986
0.00031142029259423174
0.00030731687265566374
0.0003032677059356033
0.000299271754156204
0.000295328580138315
0.0002914371470909745
0.00028759703418048196
0.000283807702089919
0.0002800681644749057
0.000276377981250692
0.00027273627192448536
0.00026914256552640234
0.0002655963643788924
0.0002620967936071161
0.0002586433855770246
0.0002552353368461634
0.00025187224286485316
0.0002485536062557416
0.0002452785914409451
0.00024204678309854984
0.00023885742683252146
0.00023571013255372107
0.0002326044299260763
0.00022953957027168725
0.0002265151446093627
0.00022353042420406296
0.00022058509730489678
0.00021767867359155822
0.00021481046067601796
0.00021198011700105185
0.0002091869288344566
0.0002064307705615499
0.00020371065348463914
0.00020102650798261952
0.00019837776924557023
0.00019576381410273152
0.00019318451274105981
0.00019063893835729435
0.00018812702262200465
0.00018564824614830886
0.0001832020201326096
0.00018078822347039543
0.00017840600420325622
0.00017605528510134617
0.0001737355543103034
0.0001714463090012688
0.00016918741463950218
0.00016695803258758244
0.0001647581691436558
0.00016258729065105783
0.0001604449192024086
0.00015833099092221734
0.0001562446555689405
0.00015418610269204736
0.00015215437552830457
0.00015014947850196434
0.0001481711901150417
0.0001462187285794886
0.00014429227449369892
0.00014239092162411204
0.0001405146548800267
0.00013866332661109618
0.00013683614369590773
0.0001350333121956633
0.00013325396602184534
0.00013149809983586047
0.0001297655704339238
0.0001280556335054718
0.00012636848034143055
0.00012470330109825005
0.00012306009414770564
0.00012143875390260148
0.00011983854300722423
0.00011825965274680231
0.00011670132840658814
0.00011516356343760458
0.00011364625682582661
0.0001121487304644387
0.00011067115243072168
0.00010921283094460182
0.00010777382718447155
0.00010635378920174774
0.00010495236053012982
0.00010356958798270435
0.00010220485013107074
0.00010085819142500497
9.952926961579147e-05
9.821776539780658e-05
9.692372190464876e-05
9.564655734941959e-05
9.438630727409914e-05
9.314265945279326e-05
9.191530840883444e-05
9.070430506965208e-05
8.950908923352477e-05
8.832970455253472e-05
8.716586728814771e-05
8.601727915113558e-05
8.48839837935805e-05
8.376546466584331e-05
8.26617581446592e-05
8.157259504218802e-05
8.049778619940697e-05
7.94371351819463e-05
7.83903800773129e-05
7.73574990594657e-05
7.633823749125859e-05
7.533239166297481e-05
7.433980151697967e-05
7.336021969147413e-05
7.239361708507012e-05
7.143975361131561e-05
7.049844738653478e-05
6.956955290378718e-05
6.865283007662073e-05
6.774824980364729e-05
6.685559382445605e-05
6.597470208141234e-05
6.510540724153433e-05
6.424750559510534e-05
6.340096804073717e-05
6.2565590868713e-05
6.174122129674519e-05
6.0927710180219646e-05
6.012491928754283e-05
5.933264854667133e-05
5.85508724938906e-05
5.777940560785133e-05
5.7018087830918925e-05
5.626681367056139e-05
5.552538669240896e-05
5.4793774157399985e-05
5.407180509487927e-05
5.3359344910926726e-05
5.2656277199989876e-05
5.1962423716066555e-05
5.1277758995442055e-05
5.060211934280829e-05
4.993537380191866e-05
4.927742415558831e-05
4.8628084882467946e-05
4.798736325790458e-05
4.735507012287544e-05
4.67311145355427e-05
4.611538009035383e-05
4.5507717642694744e-05
4.4908098091177295e-05
4.431638320420791e-05
4.3732463851581196e-05
4.315624181611216e-05
4.258756795318678e-05
4.202647136419312e-05
4.147268286129106e-05
4.092623518354227e-05
4.038698646167965e-05
3.9854802101783174e-05
3.93297112052409e-05
3.8811459134906816e-05
3.8300078629842576e-05
3.779542782078106e-05
3.729739393984331e-05
3.680599517539693e-05
3.63209987163369e-05
3.584242638870439e-05
3.537016542462039e-05
3.4904092143185365e-05
3.444422109509343e-05
3.39903485706277e-05
3.354248548280875e-05
3.310052633910462e-05
3.266435837163637e-05
3.223399976877159e-05
3.180925045846689e-05
3.1390128629089885e-05
3.097652515043515e-05
3.056834908066479e-05
3.0165604057452285e-05
2.9768110015958698e-05
2.937591060826617e-05
2.898882031302545e-05
2.8606833673726265e-05
2.8229930683164287e-05
2.7857944008357816e-05
2.7490910026042033e-05
2.712865958439844e-05
2.6771187226916796e-05
2.641847112755602e-05
2.607035304751817e-05
2.5726869363538438e-05
2.5387863655655665e-05
2.5053328648522824e-05
2.472324433493556e-05
2.4397465207953296e-05
2.407602218780091e-05
2.3758773405211302e-05
2.344570249065368e-05
2.3136802168780992e-05
2.2831926932652625e-05
2.253110952133026e-05
2.2234215340893806e-05
2.1941255304363817e-05
2.165215302059647e-05
2.1366843011468526e-05
2.1085332552326966e-05
2.0807488868088527e-05
2.0533326509447254e-05
2.026277817944315e-05
1.999577294344264e-05
1.9732325352139798e-05
1.947230990579834e-05
1.9215741155112345e-05
1.8962551803121776e-05
1.871268000937688e-05
1.84661366868982e-05
1.822280906780677e-05
1.7982702608612897e-05
1.7745759106540275e-05
1.751192399648623e-05
1.7281200916124273e-05
1.705348437292243e-05
1.6828787098738067e-05
1.660704725312136e-05
1.6388230278173964e-05
1.617229797832396e-05
1.595919396963187e-05
1.5748914614424153e-05
1.5541403528761362e-05
1.5336627973581837e-05
1.5134550662732062e-05
1.4935122487619587e-05
1.473833526347898e-05
1.4544140791136199e-05
1.4352505422111211e-05
1.416339459850563e-05
1.3976762849400514e-05
1.3792602899448845e-05
1.3610869277731663e-05
1.343153015460573e-05
1.3254556428682929e-05
1.3079899900789174e-05
1.2907557842669334e-05
1.2737486602241232e-05
1.25696543498616e-05
1.240403562181585e-05
1.2240585856603413e-05
1.2079302325969142e-05
1.1920145015504404e-05
1.176308300498429e-05
1.1608090830694211e-05
1.1455141210082792e-05
1.1304195947578149e-05
1.1155250496088364e-05
1.1008268478878303e-05
1.0863221703978216e-05
1.0720087435928637e-05
1.0578827479157658e-05
1.0439440014828516e-05
1.0301887756787692e-05
1.0166148878994096e-05
1.0032197917733114e-05
9.900003952779878e-06
9.769559708787351e-06
9.640835174949046e-06
9.513806706387094e-06
9.388450658223664e-06
9.264738838489013e-06
9.142664881254496e-06
9.022200594550342e-06
8.903322333498738e-06
8.78601100031372e-06
8.670237493607164e-06
8.556005451052582e-06
8.443262126384018e-06
8.332012976111731e-06
8.222229808265989e-06
8.11388443087705e-06
8.006982300455177e-06
7.901474308407931e-06
7.797363182990445e-06
7.694624369906486e-06
7.593231041313884e-06
7.493189563141298e-06
7.3944508267962646e-06
7.297020743498251e-06
7.200873849532648e-06
7.1059874094399944e-06
7.012364606184611e-06
6.919962242393505e-06
6.8287839557401985e-06
6.738807465474407e-06
6.65000958142747e-06
6.5623943959820984e-06
6.475920985311245e-06
6.390593896506801e-06
6.306390848818492e-06
6.223291380332797e-06
6.141297764595652e-06
6.060373170162731e-06
5.9805262365086285e-06
5.90172104160738e-06
5.823953493076284e-06
5.747221772078584e-06
5.671490866006695e-06
5.5967675954984575e-06
5.523018312073863e-06
5.450241196896146e-06
5.378433976419366e-06
5.307562092745129e-06
5.2376332759296535e-06
5.168617060457254e-06
5.10050980865441e-06
5.033309701684369e-06
4.9669849099038725e-06
4.901544527496712e-06
4.836956270110439e-06
4.7732192283266694e-06
4.7103311285994646e-06
4.648263324249889e-06
4.58702172649741e-06
4.526577688663091e-06
4.466934848420447e-06
4.408078200366237e-06
4.349992739097198e-06
4.29268073815929e-06
4.236115369710332e-06
4.180299816714651e-06
4.125219983187381e-06
4.07086541081716e-06
4.01722336774669e-06
3.964292035139211e-06
3.9120577717190425e-06
3.8605155756851e-06
3.8096418021595405e-06
3.7594489556450674e-06
3.7099140733276183e-06
3.661028061023407e-06
3.6127902366686475e-06
3.5651876410514455e-06
3.5182089064420626e-06
