0.0
4.004004004004004e-09
8.008008008008007e-09
1.2012012012012012e-08
1.6016016016016014e-08
2.0020020020020017e-08
2.4024024024024023e-08
2.8028028028028026e-08
3.203203203203203e-08
3.6036036036036035e-08
4.0040040040040034e-08
4.404404404404404e-08
4.8048048048048046e-08
5.2052052052052046e-08
5.605605605605605e-08
6.006006006006005e-08
6.406406406406406e-08
6.806806806806806e-08
7.207207207207207e-08
7.607607607607606e-08
8.008008008008007e-08
8.408408408408407e-08
8.808808808808808e-08
9.209209209209209e-08
9.609609609609609e-08
1.0010010010010009e-07
1.0410410410410409e-07
1.081081081081081e-07
1.121121121121121e-07
1.1611611611611611e-07
1.201201201201201e-07
1.241241241241241e-07
1.2812812812812811e-07
1.3213213213213212e-07
1.3613613613613613e-07
1.4014014014014013e-07
1.4414414414414414e-07
1.4814814814814815e-07
1.5215215215215212e-07
1.5615615615615613e-07
1.6016016016016014e-07
1.6416416416416414e-07
1.6816816816816815e-07
1.7217217217217216e-07
1.7617617617617616e-07
1.8018018018018017e-07
1.8418418418418417e-07
1.8818818818818818e-07
1.9219219219219219e-07
1.9619619619619617e-07
2.0020020020020017e-07
2.0420420420420418e-07
2.0820820820820818e-07
2.122122122122122e-07
2.162162162162162e-07
2.202202202202202e-07
2.242242242242242e-07
2.2822822822822821e-07
2.3223223223223222e-07
2.362362362362362e-07
2.402402402402402e-07
2.4424424424424424e-07
2.482482482482482e-07
2.5225225225225225e-07
2.5625625625625623e-07
2.602602602602602e-07
2.6426426426426424e-07
2.682682682682682e-07
2.7227227227227225e-07
2.7627627627627623e-07
2.8028028028028027e-07
2.8428428428428425e-07
2.882882882882883e-07
2.9229229229229226e-07
2.962962962962963e-07
3.0030030030030027e-07
3.0430430430430425e-07
3.083083083083083e-07
3.1231231231231226e-07
3.163163163163163e-07
3.203203203203203e-07
3.243243243243243e-07
3.283283283283283e-07
3.323323323323323e-07
3.363363363363363e-07
3.4034034034034033e-07
3.443443443443443e-07
3.483483483483483e-07
3.523523523523523e-07
3.563563563563563e-07
3.6036036036036033e-07
3.643643643643643e-07
3.6836836836836835e-07
3.7237237237237233e-07
3.7637637637637636e-07
3.8038038038038034e-07
3.8438438438438437e-07
3.8838838838838835e-07
3.9239239239239233e-07
3.9639639639639636e-07
4.0040040040040034e-07
4.044044044044044e-07
4.0840840840840835e-07
4.124124124124124e-07
4.1641641641641637e-07
4.204204204204204e-07
4.244244244244244e-07
4.2842842842842836e-07
4.324324324324324e-07
4.3643643643643637e-07
4.404404404404404e-07
4.444444444444444e-07
4.484484484484484e-07
4.524524524524524e-07
4.5645645645645643e-07
4.604604604604604e-07
4.6446446446446444e-07
4.684684684684684e-07
4.724724724724724e-07
4.7647647647647643e-07
4.804804804804804e-07
4.844844844844844e-07
4.884884884884885e-07
4.924924924924924e-07
4.964964964964964e-07
5.005005005005005e-07
5.045045045045045e-07
5.085085085085084e-07
5.125125125125125e-07
5.165165165165165e-07
5.205205205205204e-07
5.245245245245245e-07
5.285285285285285e-07
5.325325325325325e-07
5.365365365365364e-07
5.405405405405405e-07
5.445445445445445e-07
5.485485485485485e-07
5.525525525525525e-07
5.565565565565565e-07
5.605605605605605e-07
5.645645645645645e-07
5.685685685685685e-07
5.725725725725725e-07
5.765765765765766e-07
5.805805805805805e-07
5.845845845845845e-07
5.885885885885885e-07
5.925925925925926e-07
5.965965965965965e-07
6.006006006006005e-07
6.046046046046046e-07
6.086086086086085e-07
6.126126126126125e-07
6.166166166166166e-07
6.206206206206206e-07
6.246246246246245e-07
6.286286286286286e-07
6.326326326326326e-07
6.366366366366366e-07
6.406406406406405e-07
6.446446446446446e-07
6.486486486486486e-07
6.526526526526525e-07
6.566566566566566e-07
6.606606606606606e-07
6.646646646646646e-07
6.686686686686686e-07
6.726726726726726e-07
6.766766766766766e-07
6.806806806806807e-07
6.846846846846846e-07
6.886886886886886e-07
6.926926926926927e-07
6.966966966966966e-07
7.007007007007006e-07
7.047047047047046e-07
7.087087087087087e-07
7.127127127127126e-07
7.167167167167166e-07
7.207207207207207e-07
7.247247247247247e-07
7.287287287287286e-07
7.327327327327327e-07
7.367367367367367e-07
7.407407407407406e-07
7.447447447447447e-07
7.487487487487487e-07
7.527527527527527e-07
7.567567567567566e-07
7.607607607607607e-07
7.647647647647647e-07
7.687687687687687e-07
7.727727727727727e-07
7.767767767767767e-07
7.807807807807807e-07
7.847847847847847e-07
7.887887887887887e-07
7.927927927927927e-07
7.967967967967968e-07
8.008008008008007e-07
8.048048048048047e-07
8.088088088088088e-07
8.128128128128127e-07
8.168168168168167e-07
8.208208208208207e-07
8.248248248248248e-07
8.288288288288287e-07
8.328328328328327e-07
8.368368368368368e-07
8.408408408408408e-07
8.448448448448447e-07
8.488488488488488e-07
8.528528528528528e-07
8.568568568568567e-07
8.608608608608608e-07
8.648648648648648e-07
8.688688688688688e-07
8.728728728728727e-07
8.768768768768768e-07
8.808808808808808e-07
8.848848848848848e-07
8.888888888888888e-07
8.928928928928928e-07
8.968968968968968e-07
9.009009009009008e-07
9.049049049049048e-07
9.089089089089088e-07
9.129129129129129e-07
9.169169169169168e-07
9.209209209209208e-07
9.249249249249248e-07
9.289289289289289e-07
9.329329329329328e-07
9.369369369369368e-07
9.409409409409409e-07
9.449449449449448e-07
9.489489489489488e-07
9.529529529529529e-07
9.56956956956957e-07
9.609609609609608e-07
9.64964964964965e-07
9.689689689689689e-07
9.729729729729728e-07
9.76976976976977e-07
9.809809809809809e-07
9.849849849849848e-07
9.88988988988989e-07
9.929929929929929e-07
9.969969969969968e-07
1.001001001001001e-06
1.0050050050050049e-06
1.009009009009009e-06
1.013013013013013e-06
1.0170170170170169e-06
1.021021021021021e-06
1.025025025025025e-06
1.0290290290290288e-06
1.033033033033033e-06
1.037037037037037e-06
1.0410410410410408e-06
1.045045045045045e-06
1.049049049049049e-06
1.053053053053053e-06
1.057057057057057e-06
1.061061061061061e-06
1.065065065065065e-06
1.069069069069069e-06
1.0730730730730729e-06
1.077077077077077e-06
1.081081081081081e-06
1.0850850850850849e-06
1.089089089089089e-06
1.093093093093093e-06
1.097097097097097e-06
1.101101101101101e-06
1.105105105105105e-06
1.109109109109109e-06
1.113113113113113e-06
1.117117117117117e-06
1.121121121121121e-06
1.125125125125125e-06
1.129129129129129e-06
1.133133133133133e-06
1.137137137137137e-06
1.1411411411411411e-06
1.145145145145145e-06
1.149149149149149e-06
1.1531531531531531e-06
1.157157157157157e-06
1.161161161161161e-06
1.1651651651651651e-06
1.169169169169169e-06
1.173173173173173e-06
1.177177177177177e-06
1.181181181181181e-06
1.1851851851851852e-06
1.189189189189189e-06
1.193193193193193e-06
1.1971971971971972e-06
1.201201201201201e-06
1.205205205205205e-06
1.2092092092092091e-06
1.213213213213213e-06
1.217217217217217e-06
1.2212212212212211e-06
1.225225225225225e-06
1.2292292292292292e-06
1.2332332332332331e-06
1.237237237237237e-06
1.2412412412412412e-06
1.2452452452452451e-06
1.249249249249249e-06
1.2532532532532532e-06
1.2572572572572571e-06
1.261261261261261e-06
1.2652652652652652e-06
1.269269269269269e-06
1.2732732732732732e-06
1.2772772772772772e-06
1.281281281281281e-06
1.2852852852852852e-06
1.2892892892892892e-06
1.293293293293293e-06
1.2972972972972972e-06
1.3013013013013012e-06
1.305305305305305e-06
1.3093093093093092e-06
1.3133133133133131e-06
1.3173173173173173e-06
1.3213213213213212e-06
1.3253253253253251e-06
1.3293293293293293e-06
1.3333333333333332e-06
1.3373373373373371e-06
1.3413413413413413e-06
1.3453453453453452e-06
1.3493493493493491e-06
1.3533533533533533e-06
1.3573573573573572e-06
1.3613613613613613e-06
1.3653653653653653e-06
1.3693693693693692e-06
1.3733733733733733e-06
1.3773773773773772e-06
1.3813813813813812e-06
1.3853853853853853e-06
1.3893893893893892e-06
1.3933933933933932e-06
1.3973973973973973e-06
1.4014014014014012e-06
1.4054054054054054e-06
1.4094094094094093e-06
1.4134134134134132e-06
1.4174174174174174e-06
1.4214214214214213e-06
1.4254254254254252e-06
1.4294294294294293e-06
1.4334334334334333e-06
1.4374374374374372e-06
1.4414414414414413e-06
1.4454454454454453e-06
1.4494494494494494e-06
1.4534534534534533e-06
1.4574574574574573e-06
1.4614614614614614e-06
1.4654654654654653e-06
1.4694694694694693e-06
1.4734734734734734e-06
1.4774774774774773e-06
1.4814814814814812e-06
1.4854854854854854e-06
1.4894894894894893e-06
1.4934934934934934e-06
1.4974974974974974e-06
1.5015015015015013e-06
1.5055055055055054e-06
1.5095095095095094e-06
1.5135135135135133e-06
1.5175175175175174e-06
1.5215215215215214e-06
1.5255255255255253e-06
1.5295295295295294e-06
1.5335335335335333e-06
1.5375375375375375e-06
1.5415415415415414e-06
1.5455455455455453e-06
1.5495495495495495e-06
1.5535535535535534e-06
1.5575575575575573e-06
1.5615615615615615e-06
1.5655655655655654e-06
1.5695695695695693e-06
1.5735735735735735e-06
1.5775775775775774e-06
1.5815815815815813e-06
1.5855855855855855e-06
1.5895895895895894e-06
1.5935935935935935e-06
1.5975975975975974e-06
1.6016016016016014e-06
1.6056056056056055e-06
1.6096096096096094e-06
1.6136136136136134e-06
1.6176176176176175e-06
1.6216216216216214e-06
1.6256256256256254e-06
1.6296296296296295e-06
1.6336336336336334e-06
1.6376376376376376e-06
1.6416416416416415e-06
1.6456456456456454e-06
1.6496496496496495e-06
1.6536536536536535e-06
1.6576576576576574e-06
1.6616616616616615e-06
1.6656656656656655e-06
1.6696696696696694e-06
1.6736736736736735e-06
1.6776776776776775e-06
1.6816816816816816e-06
1.6856856856856855e-06
1.6896896896896895e-06
1.6936936936936936e-06
1.6976976976976975e-06
1.7017017017017014e-06
1.7057057057057056e-06
1.7097097097097095e-06
1.7137137137137134e-06
1.7177177177177176e-06
1.7217217217217215e-06
1.7257257257257256e-06
1.7297297297297296e-06
1.7337337337337335e-06
1.7377377377377376e-06
1.7417417417417416e-06
1.7457457457457455e-06
1.7497497497497496e-06
1.7537537537537535e-06
1.7577577577577575e-06
1.7617617617617616e-06
1.7657657657657655e-06
1.7697697697697697e-06
1.7737737737737736e-06
1.7777777777777775e-06
1.7817817817817817e-06
1.7857857857857856e-06
1.7897897897897895e-06
1.7937937937937937e-06
1.7977977977977976e-06
1.8018018018018015e-06
1.8058058058058057e-06
1.8098098098098096e-06
1.8138138138138137e-06
1.8178178178178176e-06
1.8218218218218216e-06
1.8258258258258257e-06
1.8298298298298296e-06
1.8338338338338336e-06
1.8378378378378377e-06
1.8418418418418416e-06
1.8458458458458456e-06
1.8498498498498497e-06
1.8538538538538536e-06
1.8578578578578578e-06
1.8618618618618617e-06
1.8658658658658656e-06
1.8698698698698698e-06
1.8738738738738737e-06
1.8778778778778776e-06
1.8818818818818817e-06
1.8858858858858857e-06
1.8898898898898896e-06
1.8938938938938937e-06
1.8978978978978977e-06
1.9019019019019018e-06
1.9059059059059057e-06
1.90990990990991e-06
1.913913913913914e-06
1.9179179179179177e-06
1.9219219219219216e-06
1.9259259259259256e-06
1.92992992992993e-06
1.933933933933934e-06
1.9379379379379378e-06
1.9419419419419417e-06
1.9459459459459456e-06
1.9499499499499496e-06
1.953953953953954e-06
1.957957957957958e-06
1.9619619619619618e-06
1.9659659659659657e-06
1.9699699699699696e-06
1.973973973973974e-06
1.977977977977978e-06
1.981981981981982e-06
1.9859859859859857e-06
1.9899899899899897e-06
1.9939939939939936e-06
1.997997997997998e-06
2.002002002002002e-06
2.006006006006006e-06
2.0100100100100097e-06
2.0140140140140137e-06
2.018018018018018e-06
2.022022022022022e-06
2.026026026026026e-06
2.0300300300300298e-06
2.0340340340340337e-06
2.0380380380380376e-06
2.042042042042042e-06
2.046046046046046e-06
2.05005005005005e-06
2.0540540540540538e-06
2.0580580580580577e-06
2.062062062062062e-06
2.066066066066066e-06
2.07007007007007e-06
2.074074074074074e-06
2.0780780780780778e-06
2.0820820820820817e-06
2.086086086086086e-06
2.09009009009009e-06
2.094094094094094e-06
2.098098098098098e-06
2.1021021021021017e-06
2.106106106106106e-06
2.11011011011011e-06
2.114114114114114e-06
2.118118118118118e-06
2.122122122122122e-06
2.1261261261261257e-06
2.13013013013013e-06
2.134134134134134e-06
2.138138138138138e-06
2.142142142142142e-06
2.1461461461461458e-06
2.15015015015015e-06
2.154154154154154e-06
2.158158158158158e-06
2.162162162162162e-06
2.166166166166166e-06
2.1701701701701698e-06
2.174174174174174e-06
2.178178178178178e-06
2.182182182182182e-06
2.186186186186186e-06
2.19019019019019e-06
2.194194194194194e-06
2.198198198198198e-06
2.202202202202202e-06
2.206206206206206e-06
2.21021021021021e-06
2.214214214214214e-06
2.218218218218218e-06
2.222222222222222e-06
2.226226226226226e-06
2.23023023023023e-06
2.234234234234234e-06
2.238238238238238e-06
2.242242242242242e-06
2.246246246246246e-06
2.25025025025025e-06
2.254254254254254e-06
2.258258258258258e-06
2.262262262262262e-06
2.266266266266266e-06
2.27027027027027e-06
2.274274274274274e-06
2.278278278278278e-06
2.2822822822822822e-06
2.286286286286286e-06
2.29029029029029e-06
2.294294294294294e-06
2.298298298298298e-06
2.302302302302302e-06
2.3063063063063062e-06
2.31031031031031e-06
2.314314314314314e-06
2.318318318318318e-06
2.322322322322322e-06
2.3263263263263263e-06
2.3303303303303302e-06
2.334334334334334e-06
2.338338338338338e-06
2.342342342342342e-06
2.346346346346346e-06
2.3503503503503503e-06
2.354354354354354e-06
2.358358358358358e-06
2.362362362362362e-06
2.366366366366366e-06
2.3703703703703703e-06
2.3743743743743743e-06
2.378378378378378e-06
2.382382382382382e-06
2.386386386386386e-06
2.39039039039039e-06
2.3943943943943943e-06
2.3983983983983982e-06
2.402402402402402e-06
2.406406406406406e-06
2.41041041041041e-06
2.4144144144144144e-06
2.4184184184184183e-06
2.4224224224224222e-06
2.426426426426426e-06
2.43043043043043e-06
2.434434434434434e-06
2.4384384384384383e-06
2.4424424424424423e-06
2.446446446446446e-06
2.45045045045045e-06
2.454454454454454e-06
2.4584584584584584e-06
2.4624624624624623e-06
2.4664664664664663e-06
2.47047047047047e-06
2.474474474474474e-06
2.478478478478478e-06
2.4824824824824824e-06
2.4864864864864863e-06
2.4904904904904902e-06
2.494494494494494e-06
2.498498498498498e-06
2.5025025025025024e-06
2.5065065065065064e-06
2.5105105105105103e-06
2.5145145145145142e-06
2.518518518518518e-06
2.522522522522522e-06
2.5265265265265264e-06
2.5305305305305304e-06
2.5345345345345343e-06
2.538538538538538e-06
2.542542542542542e-06
2.5465465465465465e-06
2.5505505505505504e-06
2.5545545545545543e-06
2.5585585585585583e-06
2.562562562562562e-06
2.566566566566566e-06
2.5705705705705705e-06
2.5745745745745744e-06
2.5785785785785783e-06
2.5825825825825823e-06
2.586586586586586e-06
2.5905905905905905e-06
2.5945945945945945e-06
2.5985985985985984e-06
2.6026026026026023e-06
2.6066066066066062e-06
2.61061061061061e-06
2.6146146146146145e-06
2.6186186186186184e-06
2.6226226226226224e-06
2.6266266266266263e-06
2.6306306306306302e-06
2.6346346346346346e-06
2.6386386386386385e-06
2.6426426426426424e-06
2.6466466466466463e-06
2.6506506506506503e-06
2.654654654654654e-06
2.6586586586586586e-06
2.6626626626626625e-06
2.6666666666666664e-06
2.6706706706706703e-06
2.6746746746746743e-06
2.6786786786786786e-06
2.6826826826826825e-06
2.6866866866866865e-06
2.6906906906906904e-06
2.6946946946946943e-06
2.6986986986986982e-06
2.7027027027027026e-06
2.7067067067067065e-06
2.7107107107107104e-06
2.7147147147147144e-06
2.7187187187187183e-06
2.7227227227227226e-06
2.7267267267267266e-06
2.7307307307307305e-06
2.7347347347347344e-06
2.7387387387387384e-06
2.7427427427427423e-06
2.7467467467467466e-06
2.7507507507507506e-06
2.7547547547547545e-06
2.7587587587587584e-06
2.7627627627627623e-06
2.7667667667667667e-06
2.7707707707707706e-06
2.7747747747747745e-06
2.7787787787787785e-06
2.7827827827827824e-06
2.7867867867867863e-06
2.7907907907907907e-06
2.7947947947947946e-06
2.7987987987987985e-06
2.8028028028028025e-06
2.8068068068068064e-06
2.8108108108108107e-06
2.8148148148148147e-06
2.8188188188188186e-06
2.8228228228228225e-06
2.8268268268268264e-06
2.8308308308308304e-06
2.8348348348348347e-06
2.8388388388388386e-06
2.8428428428428426e-06
2.8468468468468465e-06
2.8508508508508504e-06
2.8548548548548548e-06
2.8588588588588587e-06
2.8628628628628626e-06
2.8668668668668665e-06
2.8708708708708705e-06
2.8748748748748744e-06
2.8788788788788788e-06
2.8828828828828827e-06
2.8868868868868866e-06
2.8908908908908905e-06
2.8948948948948945e-06
2.898898898898899e-06
2.9029029029029027e-06
2.9069069069069067e-06
2.9109109109109106e-06
2.9149149149149145e-06
2.9189189189189184e-06
2.922922922922923e-06
2.9269269269269267e-06
2.9309309309309306e-06
2.9349349349349346e-06
2.9389389389389385e-06
2.942942942942943e-06
2.9469469469469468e-06
2.9509509509509507e-06
2.9549549549549546e-06
2.9589589589589586e-06
2.9629629629629625e-06
2.966966966966967e-06
2.9709709709709708e-06
2.9749749749749747e-06
2.9789789789789786e-06
2.9829829829829825e-06
2.986986986986987e-06
2.990990990990991e-06
2.9949949949949947e-06
2.9989989989989987e-06
3.0030030030030026e-06
3.0070070070070065e-06
3.011011011011011e-06
3.015015015015015e-06
3.0190190190190187e-06
3.0230230230230227e-06
3.0270270270270266e-06
3.031031031031031e-06
3.035035035035035e-06
3.0390390390390388e-06
3.0430430430430427e-06
3.0470470470470466e-06
3.0510510510510506e-06
3.055055055055055e-06
3.059059059059059e-06
3.0630630630630628e-06
3.0670670670670667e-06
3.0710710710710706e-06
3.075075075075075e-06
3.079079079079079e-06
3.083083083083083e-06
3.0870870870870868e-06
3.0910910910910907e-06
3.0950950950950946e-06
3.099099099099099e-06
3.103103103103103e-06
3.107107107107107e-06
3.1111111111111107e-06
3.1151151151151147e-06
3.1191191191191186e-06
3.123123123123123e-06
3.127127127127127e-06
3.131131131131131e-06
3.1351351351351347e-06
3.1391391391391386e-06
3.143143143143143e-06
3.147147147147147e-06
3.151151151151151e-06
3.1551551551551548e-06
3.1591591591591587e-06
3.1631631631631626e-06
3.167167167167167e-06
3.171171171171171e-06
3.175175175175175e-06
3.1791791791791788e-06
3.1831831831831827e-06
3.187187187187187e-06
3.191191191191191e-06
3.195195195195195e-06
3.199199199199199e-06
3.2032032032032027e-06
3.2072072072072067e-06
3.211211211211211e-06
3.215215215215215e-06
3.219219219219219e-06
3.223223223223223e-06
3.2272272272272267e-06
3.231231231231231e-06
3.235235235235235e-06
3.239239239239239e-06
3.243243243243243e-06
3.2472472472472468e-06
3.2512512512512507e-06
3.255255255255255e-06
3.259259259259259e-06
3.263263263263263e-06
3.267267267267267e-06
3.2712712712712708e-06
3.275275275275275e-06
3.279279279279279e-06
3.283283283283283e-06
3.287287287287287e-06
3.291291291291291e-06
3.2952952952952947e-06
3.299299299299299e-06
3.303303303303303e-06
3.307307307307307e-06
3.311311311311311e-06
3.315315315315315e-06
3.319319319319319e-06
3.323323323323323e-06
3.327327327327327e-06
3.331331331331331e-06
3.335335335335335e-06
3.339339339339339e-06
3.343343343343343e-06
3.347347347347347e-06
3.351351351351351e-06
3.355355355355355e-06
3.359359359359359e-06
3.363363363363363e-06
3.367367367367367e-06
3.371371371371371e-06
3.375375375375375e-06
3.379379379379379e-06
3.383383383383383e-06
3.387387387387387e-06
3.391391391391391e-06
3.395395395395395e-06
3.399399399399399e-06
3.403403403403403e-06
3.4074074074074072e-06
3.411411411411411e-06
3.415415415415415e-06
3.419419419419419e-06
3.423423423423423e-06
3.427427427427427e-06
3.4314314314314312e-06
3.435435435435435e-06
3.439439439439439e-06
3.443443443443443e-06
3.447447447447447e-06
3.4514514514514513e-06
3.455455455455455e-06
3.459459459459459e-06
3.463463463463463e-06
3.467467467467467e-06
3.471471471471471e-06
3.4754754754754753e-06
3.479479479479479e-06
3.483483483483483e-06
3.487487487487487e-06
3.491491491491491e-06
3.4954954954954953e-06
3.4994994994994992e-06
3.503503503503503e-06
3.507507507507507e-06
3.511511511511511e-06
3.515515515515515e-06
3.5195195195195193e-06
3.5235235235235232e-06
3.527527527527527e-06
3.531531531531531e-06
3.535535535535535e-06
3.5395395395395394e-06
3.5435435435435433e-06
3.5475475475475472e-06
3.551551551551551e-06
3.555555555555555e-06
3.559559559559559e-06
3.5635635635635633e-06
3.5675675675675673e-06
3.571571571571571e-06
3.575575575575575e-06
3.579579579579579e-06
3.5835835835835834e-06
3.5875875875875873e-06
3.5915915915915913e-06
3.595595595595595e-06
3.599599599599599e-06
3.603603603603603e-06
3.6076076076076074e-06
3.6116116116116113e-06
3.6156156156156152e-06
3.619619619619619e-06
3.623623623623623e-06
3.6276276276276274e-06
3.6316316316316314e-06
3.6356356356356353e-06
3.6396396396396392e-06
3.643643643643643e-06
3.647647647647647e-06
3.6516516516516514e-06
3.6556556556556553e-06
3.6596596596596593e-06
3.663663663663663e-06
3.667667667667667e-06
3.6716716716716715e-06
3.6756756756756754e-06
3.6796796796796793e-06
3.6836836836836833e-06
3.687687687687687e-06
3.691691691691691e-06
3.6956956956956955e-06
3.6996996996996994e-06
3.7037037037037033e-06
3.7077077077077072e-06
3.711711711711711e-06
3.7157157157157155e-06
3.7197197197197194e-06
3.7237237237237234e-06
3.7277277277277273e-06
3.7317317317317312e-06
3.735735735735735e-06
3.7397397397397395e-06
3.7437437437437434e-06
3.7477477477477474e-06
3.7517517517517513e-06
3.755755755755755e-06
3.7597597597597596e-06
3.7637637637637635e-06
3.7677677677677674e-06
3.7717717717717713e-06
3.7757757757757753e-06
3.779779779779779e-06
3.7837837837837835e-06
3.7877877877877875e-06
3.7917917917917914e-06
3.7957957957957953e-06
3.7997997997997993e-06
3.8038038038038036e-06
3.8078078078078075e-06
3.8118118118118115e-06
3.815815815815816e-06
3.81981981981982e-06
3.823823823823824e-06
3.827827827827828e-06
3.8318318318318315e-06
3.8358358358358354e-06
3.839839839839839e-06
3.843843843843843e-06
3.847847847847847e-06
3.851851851851851e-06
3.855855855855855e-06
3.85985985985986e-06
3.863863863863864e-06
3.867867867867868e-06
3.871871871871872e-06
3.8758758758758756e-06
3.8798798798798795e-06
3.883883883883883e-06
3.887887887887887e-06
3.891891891891891e-06
3.895895895895895e-06
3.899899899899899e-06
3.903903903903904e-06
3.907907907907908e-06
3.911911911911912e-06
3.915915915915916e-06
3.91991991991992e-06
3.9239239239239235e-06
3.9279279279279274e-06
3.931931931931931e-06
3.935935935935935e-06
3.939939939939939e-06
3.943943943943943e-06
3.947947947947948e-06
3.951951951951952e-06
3.955955955955956e-06
3.95995995995996e-06
3.963963963963964e-06
3.9679679679679676e-06
3.9719719719719715e-06
3.975975975975975e-06
3.979979979979979e-06
3.983983983983983e-06
3.987987987987987e-06
3.991991991991992e-06
3.995995995995996e-06
4e-06
